Name,Part_no,,Passive,Instruction,Variant,Bundle,Description,Lokation,,,,,,,,,,,,,,,,,,,,
107F_plug,1808627,,,,BR15/DH60/DH61/DH66,2437643 2437644 2437645 2437646 2437647 2437648 2437649 2437650 2437651 2437652 2437653 2437654 2437655 2437656 2437657 2437658 2437659 2437660 2437661 2437662 2437663 2437664 2437665 2437666 2437667 2437668 2437669 2437670 2437671 2437672 2437673 2437674 2437675 2437676 2437677 2437678 2437679 2437680 2437781 2437782 2437783 2437784 2437785 2437786,,,,,,,,,,,,,,,,,,,,,,HDSC 16p Key1
108F_plug,1806214,,,,BR15/DH150/DH18/DH61/DH66,2437643 2437644 2437645 2437646 2437647 2437648 2437649 2437650 2437651 2437652 2437653 2437654 2437655 2437656 2437657 2437658 2437659 2437660 2437661 2437662 2437663 2437664 2437665 2437666 2437667 2437668 2437669 2437670 2437671 2437672 2437673 2437674 2437675 2437676 2437677 2437678 2437679 2437680 2437781 2437782 2437783 2437784 2437785 2437786,,,,,,,,,,,,,,,,,,,,,,HDSC 8p
111F_plug,1847704,,,,BR15/DH18/DH61/DH66,2437643 2437644 2437645 2437646 2437647 2437648 2437649 2437650 2437651 2437652 2437653 2437654 2437655 2437656 2437657 2437658 2437659 2437660 2437661 2437662 2437663 2437664 2437665 2437666 2437667 2437668 2437669 2437670 2437671 2437672 2437673 2437674 2437675 2437676 2437677 2437678 2437679 2437680 2437781 2437782 2437783 2437784 2437785 2437786,,,,,,,,,,,,,,,,,,,,,,HDSCs 4p power
116F_socket,1808626,,,,DH09/DH11/DH114/DH119/DH12/DH13/DH132/DH165/DH25/DH76/DH90/DH91/DH92/DH98/DQ06/DQ19,2437643 2437644 2437645 2437646 2437647 2437648 2437649 2437650 2437651 2437652 2437653 2437654 2437655 2437656 2437657 2437658 2437659 2437660 2437661 2437662 2437663 2437664 2437665 2437666 2437667 2437668 2437669 2437670 2437671 2437672 2437673 2437674 2437675 2437676 2437677 2437678 2437679 2437680 2437781 2437782 2437783 2437784 2437785 2437786,,,,,,,,,,,,,,,,,,,,,,HDSC 16p Key1
119F_socket,1808626,,,,DH07/DH08/DH20/DH95,2437643 2437644 2437645 2437646 2437647 2437648 2437649 2437650 2437651 2437652 2437653 2437654 2437655 2437656 2437657 2437658 2437659 2437660 2437661 2437662 2437663 2437664 2437665 2437666 2437667 2437668 2437669 2437670 2437671 2437672 2437673 2437674 2437675 2437676 2437677 2437678 2437679 2437680 2437781 2437782 2437783 2437784 2437785 2437786,,,,,,,,,,,,,,,,,,,,,,HDSC 16p Key1
158F_plug,1745605,,,,DH30/DQ03,2437643 2437644 2437645 2437646 2437647 2437648 2437649 2437650 2437651 2437652 2437653 2437654 2437655 2437656 2437657 2437658 2437659 2437660 2437661 2437662 2437663 2437664 2437665 2437666 2437667 2437668 2437669 2437670 2437671 2437672 2437673 2437674 2437675 2437676 2437677 2437678 2437679 2437680 2437781 2437782 2437783 2437784 2437785 2437786,,,,,,,,,,,,,,,,,,,,,,HDSC_4p
344C(2),2262691,,2109507 2109507,,DH128/DH129/DH130/DH151/DH152/DH153/DH154/DH155/DH156/DH157/DH158/DH159/DH160/DH161/DH162/DH163,2437643 2437644 2437645 2437646 2437647 2437648 2437649 2437650 2437651 2437652 2437653 2437654 2437655 2437656 2437657 2437658 2437659 2437660 2437661 2437662 2437663 2437664 2437665 2437666 2437667 2437668 2437669 2437670 2437671 2437672 2437673 2437674 2437675 2437676 2437677 2437678 2437679 2437680 2437781 2437782 2437783 2437784 2437785 2437786,,,,,,,,,,,,,,,,,,,,,,Fakra Green Male
5CD,1818791,,,,BR15/DD03/DD04/DD05/DD06/DD09/DD16/DD18/DD30/DH00/DH107/DH148/DH18/DH28/DH30/DH61/DH62/DH66/DH82/DH84/DH85/DH90/DQ43/DX10/DX14/DX15/DX34,2437643 2437644 2437645 2437646 2437647 2437648 2437649 2437650 2437651 2437652 2437653 2437654 2437655 2437656 2437657 2437658 2437659 2437660 2437661 2437662 2437663 2437664 2437665 2437666 2437667 2437668 2437669 2437670 2437671 2437672 2437673 2437674 2437675 2437676 2437677 2437678 2437679 2437680 2437781 2437782 2437783 2437784 2437785 2437786,,,,,,,,,,,,,,,,,,,,,,MCP 21p
6B,1874083,,,,DH18/DX10,2437643 2437644 2437645 2437646 2437647 2437648 2437649 2437650 2437651 2437652 2437653 2437654 2437655 2437656 2437657 2437658 2437659 2437660 2437661 2437662 2437663 2437664 2437665 2437666 2437667 2437668 2437669 2437670 2437671 2437672 2437673 2437674 2437675 2437676 2437677 2437678 2437679 2437680 2437781 2437782 2437783 2437784 2437785 2437786,,,,,,,,,,,,,,,,,,,,,,MCP 2p
6CD,1872698,,,,BM01/BM02/BM04/BM06/BM07/BM09/BR15/DD05/DD06/DD30/DH01/DH02/DH07/DH08/DH09/DH10/DH104/DH12/DH126/DH132/DH134/DH135/DH142/DH143/DH144/DH147/DH167/DH20/DH25/DH26/DH27/DH28/DH35/DH36/DH40/DH41/DH60/DH61/DH62/DH66/DH81/DH84/DH85/DH86/DH87/DH90/DH91/DH92/DH95/DH98/DH99/DJ00/DJ01/DJ20/DQ00/DQ03/DQ06/DQ21/DQ23/DQ25/DQ27/DQ43,2437643 2437644 2437645 2437646 2437647 2437648 2437649 2437650 2437651 2437652 2437653 2437654 2437655 2437656 2437657 2437658 2437659 2437660 2437661 2437662 2437663 2437664 2437665 2437666 2437667 2437668 2437669 2437670 2437671 2437672 2437673 2437674 2437675 2437676 2437677 2437678 2437679 2437680 2437781 2437782 2437783 2437784 2437785 2437786,,,,,,,,,,,,,,,,,,,,,,MCP 36p
6E,1874099,,,,DD00/DD30/DH150/DH61/DH62/DQ03/DX10,2437643 2437644 2437645 2437646 2437647 2437648 2437649 2437650 2437651 2437652 2437653 2437654 2437655 2437656 2437657 2437658 2437659 2437660 2437661 2437662 2437663 2437664 2437665 2437666 2437667 2437668 2437669 2437670 2437671 2437672 2437673 2437674 2437675 2437676 2437677 2437678 2437679 2437680 2437781 2437782 2437783 2437784 2437785 2437786,,,,,,,,,,,,,,,,,,,,,,MCP 12p
A088,1442370,,1442372,,DH107,2437643 2437644 2437645 2437646 2437647 2437648 2437649 2437650 2437651 2437652 2437653 2437654 2437655 2437656 2437657 2437658 2437659 2437660 2437661 2437662 2437663 2437664 2437665 2437666 2437667 2437668 2437669 2437670 2437671 2437672 2437673 2437674 2437675 2437676 2437677 2437678 2437679 2437680 2437781 2437782 2437783 2437784 2437785 2437786,,,,,,,,,,,,,,,,,,,,,,connector tail lift
C361,1454339,,,,BR02/DH35/DH36/DH37,2437643 2437644 2437645 2437646 2437647 2437648 2437649 2437650 2437651 2437652 2437653 2437654 2437655 2437656 2437657 2437658 2437659 2437660 2437661 2437662 2437663 2437664 2437665 2437666 2437667 2437668 2437669 2437670 2437671 2437672 2437673 2437674 2437675 2437676 2437677 2437678 2437679 2437680 2437781 2437782 2437783 2437784 2437785 2437786,,,,,,,,,,,,,,,,,,,,,,side marker left 2nd
C362,1454339,,,,DH35/DH36/DH37,2437643 2437644 2437645 2437646 2437647 2437648 2437649 2437650 2437651 2437652 2437653 2437654 2437655 2437656 2437657 2437658 2437659 2437660 2437661 2437662 2437663 2437664 2437665 2437666 2437667 2437668 2437669 2437670 2437671 2437672 2437673 2437674 2437675 2437676 2437677 2437678 2437679 2437680 2437781 2437782 2437783 2437784 2437785 2437786,,,,,,,,,,,,,,,,,,,,,,side marker right 2nd
D453.A,1982868,,,,DH09/DH101/DH139/DH40/DH41,2437643 2437644 2437645 2437646 2437647 2437648 2437649 2437650 2437651 2437652 2437653 2437654 2437655 2437656 2437657 2437658 2437659 2437660 2437661 2437662 2437663 2437664 2437665 2437666 2437667 2437668 2437669 2437670 2437671 2437672 2437673 2437674 2437675 2437676 2437677 2437678 2437679 2437680 2437781 2437782 2437783 2437784 2437785 2437786,,,,,,,,,,,,,,,,,,,,,,ECAS-5
F514,1859550,,,,DH01/DH07/DH08/DH23/DH93/DH95,2437643 2437644 2437645 2437646 2437647 2437648 2437649 2437650 2437651 2437652 2437653 2437654 2437655 2437656 2437657 2437658 2437659 2437660 2437661 2437662 2437663 2437664 2437665 2437666 2437667 2437668 2437669 2437670 2437671 2437672 2437673 2437674 2437675 2437676 2437677 2437678 2437679 2437680 2437781 2437782 2437783 2437784 2437785 2437786,,,,,,,,,,,,,,,,,,,,,,sensor left driven axle
F515,1859550,,,,DH01/DH07/DH08/DH23/DH93/DH95,2437643 2437644 2437645 2437646 2437647 2437648 2437649 2437650 2437651 2437652 2437653 2437654 2437655 2437656 2437657 2437658 2437659 2437660 2437661 2437662 2437663 2437664 2437665 2437666 2437667 2437668 2437669 2437670 2437671 2437672 2437673 2437674 2437675 2437676 2437677 2437678 2437679 2437680 2437781 2437782 2437783 2437784 2437785 2437786,,,,,,,,,,,,,,,,,,,,,,sensor right driven axle
F847,1745605,,,,DH04/DQ22/DQ24/DQ26/DQ28,2437643 2437644 2437645 2437646 2437647 2437648 2437649 2437650 2437651 2437652 2437653 2437654 2437655 2437656 2437657 2437658 2437659 2437660 2437661 2437662 2437663 2437664 2437665 2437666 2437667 2437668 2437669 2437670 2437671 2437672 2437673 2437674 2437675 2437676 2437677 2437678 2437679 2437680 2437781 2437782 2437783 2437784 2437785 2437786,,,,,,,,,,,,,,,,,,,,,,sensor VSC module
G790,1877080,,,,DH09/DH101/DH120/DH123/DH138/DH139/DH140/DH141/DH142/DH40/DH41/DH70/DH76,2437643 2437644 2437645 2437646 2437647 2437648 2437649 2437650 2437651 2437652 2437653 2437654 2437655 2437656 2437657 2437658 2437659 2437660 2437661 2437662 2437663 2437664 2437665 2437666 2437667 2437668 2437669 2437670 2437671 2437672 2437673 2437674 2437675 2437676 2437677 2437678 2437679 2437680 2437781 2437782 2437783 2437784 2437785 2437786,,,,,,,,,,,,,,,,,,,,,,junction connector
L308.A(10),2396619,,2109507 2109507,,DH157,2437644 2437653 2437654 2437667 2437668,,,,,,,,,,,,,,,,,,,,,,rear view camera
L308.A(11),2396620,,2109507 2109507,,DH158,2437645 2437655 2437656,,,,,,,,,,,,,,,,,,,,,,rear view camera
L308.A(12),2396621,,2109507 2109507,,DH159,2437646 2437657 2437658 2437669 2437670,,,,,,,,,,,,,,,,,,,,,,rear view camera
L308.A(13),2396622,,2109507 2109507,,DH160,2437647 2437648 2437659 2437660 2437661 2437662 2437671 2437672 2437673 2437674 2437675 2437676,,,,,,,,,,,,,,,,,,,,,,rear view camera
L308.A(14),2404490,,2109507 2109507,,DH161,2437649 2437650 2437663 2437664 2437665 2437666 2437677 2437678 2437679 2437680,,,,,,,,,,,,,,,,,,,,,,rear view camera
L308.A(8),2396617,,2109507 2109507,,DH155,2437782 2437785 2437786,,,,,,,,,,,,,,,,,,,,,,rear view camera
L308.A(9),2396618,,2109507 2109507,,DH156,2437643 2437651 2437652 2437781 2437783 2437784,,,,,,,,,,,,,,,,,,,,,,rear view camera
L308.B,1856635,,,,DH127,2437643 2437644 2437645 2437646 2437647 2437648 2437649 2437650 2437651 2437652 2437653 2437654 2437655 2437656 2437657 2437658 2437659 2437660 2437661 2437662 2437663 2437664 2437665 2437666 2437667 2437668 2437669 2437670 2437671 2437672 2437673 2437674 2437675 2437676 2437677 2437678 2437679 2437680 2437781 2437782 2437783 2437784 2437785 2437786,,,,,,,,,,,,,,,,,,,,,,rear view camera
P025,1745605,,,,DH89,2437643 2437644 2437645 2437646 2437647 2437648 2437649 2437650 2437651 2437652 2437653 2437654 2437655 2437656 2437657 2437658 2437659 2437660 2437661 2437662 2437663 2437664 2437665 2437666 2437667 2437668 2437669 2437670 2437671 2437672 2437673 2437674 2437675 2437676 2437677 2437678 2437679 2437680 2437781 2437782 2437783 2437784 2437785 2437786,,,,,,,,,,,,,,,,,,,,,,Receiver 1 TPM
P031.C,2115781,,,,DQ03,2437643 2437644 2437645 2437646 2437647 2437648 2437649 2437650 2437651 2437652 2437653 2437654 2437655 2437656 2437657 2437658 2437659 2437660 2437661 2437662 2437663 2437664 2437665 2437666 2437667 2437668 2437669 2437670 2437671 2437672 2437673 2437674 2437675 2437676 2437677 2437678 2437679 2437680 2437781 2437782 2437783 2437784 2437785 2437786,,,,,,,,,,,,,,,,,,,,,,ECU Chassis Module Rear
P031.D,1973555,,,,BR15/BR34/DH100/DH114/DH123/DH166/DH167/DH18/DH25/DH26/DH27/DH41/DH61/DH66/DH70/DH76/DH81/DQ03/DQ06/DQ18,2437643 2437644 2437645 2437646 2437647 2437648 2437649 2437650 2437651 2437652 2437653 2437654 2437655 2437656 2437657 2437658 2437659 2437660 2437661 2437662 2437663 2437664 2437665 2437666 2437667 2437668 2437669 2437670 2437671 2437672 2437673 2437674 2437675 2437676 2437677 2437678 2437679 2437680 2437781 2437782 2437783 2437784 2437785 2437786,,,,,,,,,,,,,,,,,,,,,,ECU Chassis Module Rear
P031.E,1973554,,,,DH30/DQ03/DQ10/DQ11/DQ12/DQ30/DQ41,2437643 2437644 2437645 2437646 2437647 2437648 2437649 2437650 2437651 2437652 2437653 2437654 2437655 2437656 2437657 2437658 2437659 2437660 2437661 2437662 2437663 2437664 2437665 2437666 2437667 2437668 2437669 2437670 2437671 2437672 2437673 2437674 2437675 2437676 2437677 2437678 2437679 2437680 2437781 2437782 2437783 2437784 2437785 2437786,,,,,,,,,,,,,,,,,,,,,,ECU Chassis Module Rear
P071.P,1808628,,,,DH107/DQ03,2437643 2437644 2437645 2437646 2437647 2437648 2437649 2437650 2437651 2437652 2437653 2437654 2437655 2437656 2437657 2437658 2437659 2437660 2437661 2437662 2437663 2437664 2437665 2437666 2437667 2437668 2437669 2437670 2437671 2437672 2437673 2437674 2437675 2437676 2437677 2437678 2437679 2437680 2437781 2437782 2437783 2437784 2437785 2437786,,,,,,,,,,,,,,,,,,,,,,FPDU
P071.T,1973554,,,,DH09/DH102/DH103/DH126/DH132/DH134/DH139/DH148/DH167/DH25/DH26/DH27/DH40/DH41/DH62/DH84/DH85/DH90/DH98/DH99/DQ03,2437643 2437644 2437645 2437646 2437647 2437648 2437649 2437650 2437651 2437652 2437653 2437654 2437655 2437656 2437657 2437658 2437659 2437660 2437661 2437662 2437663 2437664 2437665 2437666 2437667 2437668 2437669 2437670 2437671 2437672 2437673 2437674 2437675 2437676 2437677 2437678 2437679 2437680 2437781 2437782 2437783 2437784 2437785 2437786,,,,,,,,,,,,,,,,,,,,,,FPDU
P071.U,2251485,,,,BR15/DD05/DD30/DH150/DH18/DH61/DH62/DH66,2437643 2437644 2437645 2437646 2437647 2437648 2437649 2437650 2437651 2437652 2437653 2437654 2437655 2437656 2437657 2437658 2437659 2437660 2437661 2437662 2437663 2437664 2437665 2437666 2437667 2437668 2437669 2437670 2437671 2437672 2437673 2437674 2437675 2437676 2437677 2437678 2437679 2437680 2437781 2437782 2437783 2437784 2437785 2437786,,,,,,,,,,,,,,,,,,,,,,FPDU
P071.W,1856134,,,,DQ03,2437643 2437644 2437645 2437646 2437647 2437648 2437649 2437650 2437651 2437652 2437653 2437654 2437655 2437656 2437657 2437658 2437659 2437660 2437661 2437662 2437663 2437664 2437665 2437666 2437667 2437668 2437669 2437670 2437671 2437672 2437673 2437674 2437675 2437676 2437677 2437678 2437679 2437680 2437781 2437782 2437783 2437784 2437785 2437786,,,,,,,,,,,,,,,,,,,,,,FPDU
P072,1844631,,,,DH113/DH126/DH132/DH134/DH135/DH136/DH137/DH138/DH148/DH84/DH85/DH88/DH89/DH90,2437643 2437644 2437645 2437646 2437647 2437648 2437649 2437650 2437651 2437652 2437653 2437654 2437655 2437656 2437657 2437658 2437659 2437660 2437661 2437662 2437663 2437664 2437665 2437666 2437667 2437668 2437669 2437670 2437671 2437672 2437673 2437674 2437675 2437676 2437677 2437678 2437679 2437680 2437781 2437782 2437783 2437784 2437785 2437786,,,,,,,,,,,,,,,,,,,,,,ECU TPMS-2
P097,1745811,,,,DH100/DH101/DH102/DH103/DH136/DH141/DH143/DH145/DH166/DH98/DH99,2437643 2437644 2437645 2437646 2437647 2437648 2437649 2437650 2437651 2437653 2437655 2437657 2437659 2437661 2437663 2437665 2437667 2437669 2437671 2437673 2437675 2437677 2437679 2437781 2437782 2437783 2437786,,,,,,,,,,,,,,,,,,,,,,ECU EPB
